25 10 1
0.173 0.463 0.565 0.558 0.342 0.165 0.041 0.319 0.172 0.037 0.164 0.134 0.842 0.980 0.028 0.311 0.865 0.532 0.568 0.049 0.774 0.181 0.351 0.958 0.574 0.310
0.563 0.886 0.935 0.409 0.402 0.382 0.835 0.760 0.365 0.541 0.139 0.139 0.921 0.311 0.799 0.437 0.719 0.015 0.561 0.024 0.913 0.225 0.617 0.133 0.399 0.444
0.727 0.491 0.636 0.389 0.747 0.242 0.228 0.505 0.896 0.120 0.728 0.040 0.066 0.636 0.865 0.495 0.587 0.194 0.474 0.871 0.585 0.964 0.038 0.869 0.744 0.525
0.260 0.783 0.459 0.125 0.949 0.574 0.093 0.280 0.578 0.480 0.094 0.890 0.372 0.436 0.925 0.609 0.219 0.240 0.875 0.214 0.558 0.098 0.352 0.450 0.265 0.222
0.319 0.054 0.925 0.485 0.798 0.642 0.479 0.845 0.203 0.740 0.022 0.061 0.494 0.805 0.264 0.689 0.827 0.601 0.444 0.892 0.054 0.539 0.382 0.247 0.816 0.838
0.471 0.759 0.989 0.111 0.638 0.752 0.465 0.214 0.323 0.860 0.404 0.338 0.894 0.470 0.071 0.454 0.799 0.207 0.058 0.474 0.938 0.932 0.728 0.931 0.768 0.424
0.936 0.295 0.375 0.572 0.589 0.803 0.677 0.268 0.883 0.843 0.375 0.892 0.511 0.121 0.790 0.240 0.766 0.323 0.028 0.830 0.967 0.579 0.088 0.466 0.476 0.856
0.515 0.233 0.670 0.716 0.251 0.471 0.209 0.593 0.100 0.283 0.549 0.821 0.681 0.817 0.301 0.101 0.292 0.925 0.333 0.977 0.304 0.376 0.073 0.626 0.639 0.741
0.142 0.893 0.508 0.561 0.375 0.265 0.405 0.281 0.086 0.785 0.058 0.818 0.408 0.698 0.982 0.846 0.304 0.351 0.856 0.448 0.117 0.101 0.047 0.974 0.745 0.026
0.679 0.098 0.553 0.343 0.962 0.544 0.736 0.615 0.932 0.875 0.040 0.279 0.739 0.461 0.636 0.107 0.906 0.127 0.929 0.544 0.301 0.160 0.698 0.347 0.784 0.423
0.671 0.735 0.967 0.432 0.970 0.159 0.966 0.810 0.319 0.030 0.209
