25 10 1
1.868 0.287 0.670 0.434 0.258 0.017 -0.494 0.247 -0.014 0.089 0.117 0.094 0.385 0.823 -0.015 0.029 0.839 1.020 0.801 0.458 0.712 0.627 0.594 1.046 0.721 0.704
1.957 0.752 0.913 0.244 0.276 0.324 0.323 0.571 0.195 0.602 0.278 0.109 0.444 0.240 0.615 0.121 0.835 0.705 0.914 0.489 0.893 0.671 0.862 0.354 0.542 0.836
2.650 0.317 0.585 0.178 0.530 0.033 -0.198 0.368 0.592 0.109 0.498 0.058 -0.174 0.505 0.602 0.257 0.371 0.617 0.666 1.108 0.442 1.311 0.181 0.884 0.777 0.860
2.250 0.699 0.581 -0.062 0.737 0.372 -0.599 0.157 0.252 0.575 0.157 0.535 -0.113 0.360 0.666 0.237 0.365 1.047 1.174 0.845 0.559 0.796 0.610 0.668 0.458 0.789
-0.449 0.180 1.001 0.538 0.899 0.683 0.619 0.904 0.258 0.739 0.075 0.134 0.644 0.824 0.320 0.740 0.804 0.500 0.402 1.125 0.192 0.680 0.457 0.376 0.930 0.953
2.811 0.465 0.963 -0.099 0.527 0.536 -0.128 0.047 0.036 0.895 0.355 0.230 0.368 0.316 -0.045 -0.011 0.607 0.858 0.374 0.844 0.764 1.376 0.944 1.008 0.821 0.945
4.123 -0.027 0.572 0.238 0.424 0.414 -0.414 0.099 0.292 0.992 0.147 0.629 -0.142 0.148 0.511 -0.366 0.522 1.543 0.569 2.018 0.963 1.786 0.607 0.834 0.831 2.053
0.947 0.178 0.652 0.669 0.205 0.400 0.132 0.582 0.110 0.241 0.490 0.810 0.624 0.790 0.247 0.062 0.257 0.938 0.325 0.845 0.213 0.326 -0.003 0.554 0.564 0.703
-0.935 0.988 0.591 0.459 0.526 0.354 0.557 0.312 0.195 0.868 0.229 0.979 0.801 0.816 1.175 0.841 0.187 -0.197 0.637 0.377 0.202 -0.049 0.049 1.006 0.737 -0.154
0.303 0.089 0.607 0.381 1.027 0.530 0.796 0.660 0.966 0.895 0.066 0.368 0.744 0.472 0.689 0.158 0.886 -0.047 0.889 0.504 0.322 0.102 0.660 0.352 0.786 0.368
4.367 1.726 1.507 2.173 2.100 -1.435 2.579 4.474 0.312 -2.196 -0.599
