260 25 1
0 0 0 0 0 0 0 0 0 1 0 0 0 0 0 0 1 0 0.641 0.294 0.353 0.196 0.431 0.314 0.373 1
0 1 0 0 0 0 0 0 0 0 0 0 0 1 0 0 0 0 0.792 0.267 0.647 0.373 0.255 0.451 0.431 1
0 0 0 0 0 0 1 0 1 0 0 0 0 0 0 0 0 0 0.769 0.275 0.588 0.549 0.255 0.392 0.294 1
0 0 0 1 0 0 0 0 0 0 0 1 0 0 0 0 0 0 0.595 0.447 0.333 0.275 0.333 0.314 0.118 1
0 0 0 0 0 0 0 0 0 0 0 0 0 0 0 0 0 1 0.708 0.306 0.255 0.267 0.439 0.604 0.294 1
0 0 0 0 0 1 0 0 1 0 0 0 0 0 0 0 0 0 0.673 0.235 0.216 0.569 0.294 0.588 0.157 0
0 0 0 0 0 0 0 1 0 0 0 0 0 0 0 0 0 0 0.558 0.235 0.235 0.235 0.333 0.333 0.333 0
0 0 0 0 0 0 0 0 0 0 0 1 0 1 0 0 0 0 0.769 0.392 0.392 0.392 0.392 0.392 0.392 1
0 0 0 0 0 0 0 0 0 0 1 0 0 1 0 0 0 0 0.628 0.373 0.294 0.431 0.392 0.314 0.118 1
0 0 0 0 1 0 0 0 0 0 0 0 1 0 0 0 0 0 0.604 0.427 0.259 0.329 0.318 0.388 0.125 0
0 0 1 0 0 0 1 0 0 0 0 0 0 0 0 0 0 0 0.769 0.255 0.608 0.471 0.255 0.353 0.412 1
0 0 0 0 0 0 0 0 0 0 0 1 0 0 0 0 0 0 0.769 0.392 0.392 0.392 0.392 0.392 0.392 1
0 0 0 0 0 0 0 0 0 0 0 0 0 1 0 0 0 0 0.513 0.157 0.137 0.118 0.471 0.275 0.412 0
0 0 0 0 0 0 0 0 0 0 0 1 0 0 0 0 0 0 0.577 0.275 0.235 0.275 0.341 0.306 0.333 0
0 0 0 0 0 0 0 0 1 0 0 1 0 0 0 0 0 0 0.627 0.290 0.369 0.514 0.212 0.455 0.078 1
0 0 0 0 0 0 0 0 0 0 1 0 0 0 0 1 0 0 0.872 0.353 0.471 0.392 0.588 0.471 0.392 1
0 0 0 0 0 0 1 0 0 0 0 0 0 0 0 0 0 0 0.492 0.302 0.333 0.200 0.216 0.200 0.255 0
0 0 0 1 0 0 0 0 0 0 0 0 0 0 0 0 0 0 0.587 0.286 0.392 0.235 0.392 0.235 0.255 0
0 0 0 0 0 0 0 0 0 0 1 0 0 0 0 0 0 0 0.590 0.275 0.361 0.255 0.314 0.216 0.384 0
0 0 1 0 0 0 1 0 0 0 0 0 0 0 0 0 0 0 0.608 0.275 0.314 0.400 0.314 0.400 0.157 0
0 0 0 0 0 0 0 0 0 0 1 0 0 0 0 0 0 0 0.808 0.310 0.404 0.471 0.529 0.451 0.306 1
0 0 1 0 1 0 0 0 0 0 0 0 0 0 0 0 0 0 0.551 0.255 0.294 0.412 0.137 0.255 0.333 1
1 0 0 0 0 0 0 0 0 0 0 0 0 0 0 0 0 1 0.558 0.549 0.275 0.176 0.333 0.196 0.176 0
0 0 0 0 0 0 1 0 1 0 0 0 0 0 0 0 0 0 0.641 0.275 0.510 0.392 0.216 0.314 0.255 1
1 0 0 0 0 0 0 0 0 0 0 0 0 0 0 0 0 0 0.660 0.333 0.314 0.353 0.412 0.373 0.235 1
0 0 0 0 0 0 0 0 0 0 1 0 0 0 0 0 0 1 0.538 0.392 0.196 0.314 0.235 0.314 0.196 1
0 0 0 1 0 0 0 1 0 0 0 0 0 0 0 0 0 0 0.641 0.235 0.255 0.235 0.510 0.294 0.431 1
0 0 0 0 0 0 0 0 0 0 0 1 0 0 0 0 0 0 0.681 0.482 0.392 0.243 0.380 0.318 0.267 0
0 0 0 0 1 0 0 0 0 0 0 0 0 0 1 0 0 0 0.577 0.392 0.392 0.314 0.235 0.235 0.196 0
0 0 0 0 0 0 0 0 0 0 1 0 0 0 0 0 1 0 0.679 0.282 0.373 0.263 0.404 0.278 0.478 1
0 0 1 0 0 1 0 0 0 0 0 0 0 0 0 0 0 0 0.788 0.314 0.529 0.333 0.275 0.373 0.588 1
0 0 0 0 0 0 0 0 0 0 0 0 0 1 0 0 0 0 0.628 0.431 0.255 0.294 0.490 0.333 0.118 1
0 0 0 0 0 0 0 0 0 0 0 0 0 1 0 0 1 0 0.618 0.337 0.361 0.345 0.267 0.294 0.286 0
0 0 0 1 0 0 0 0 0 0 0 0 0 0 0 0 1 0 0.641 0.275 0.353 0.431 0.235 0.294 0.373 1
0 0 0 0 0 0 0 0 0 0 0 0 1 0 0 0 0 0 0.673 0.255 0.255 0.235 0.431 0.373 0.510 1
0 0 0 0 0 0 0 0 0 0 0 0 0 1 0 0 0 0 0.628 0.275 0.216 0.373 0.373 0.431 0.255 0
0 0 1 0 0 0 0 0 0 0 0 0 1 0 0 0 0 0 0.667 0.196 0.255 0.420 0.412 0.420 0.337 0
0 0 1 0 0 0 0 0 0 0 0 0 0 0 0 1 0 0 0.769 0.357 0.525 0.373 0.392 0.392 0.314 1
0 0 0 0 0 1 0 0 0 0 1 0 0 0 0 0 0 0 0.635 0.235 0.451 0.412 0.255 0.275 0.314 0
0 0 0 1 0 0 0 0 0 0 0 1 0 0 0 0 0 0 0.628 0.294 0.314 0.333 0.431 0.353 0.196 0
1 0 0 0 0 0 0 0 0 0 0 0 0 0 0 0 0 1 0.699 0.404 0.235 0.494 0.314 0.494 0.196 0
0 0 0 0 0 0 0 0 0 0 0 0 0 1 0 1 0 0 0.769 0.314 0.314 0.353 0.431 0.510 0.431 1
0 0 0 0 0 0 0 0 0 0 1 0 0 0 1 0 0 0 0.673 0.196 0.373 0.706 0.333 0.176 0.275 1
0 0 0 0 0 0 0 1 0 0 0 0 0 1 0 0 0 0 0.769 0.314 0.431 0.235 0.588 0.510 0.275 1
0 0 1 0 0 0 0 0 0 0 0 0 0 0 0 1 0 0 0.628 0.294 0.275 0.353 0.275 0.412 0.314 0
0 0 0 0 0 0 0 0 0 1 0 0 1 0 0 0 0 0 0.667 0.196 0.255 0.420 0.412 0.420 0.337 1
0 0 0 0 0 0 0 1 0 0 0 1 0 0 0 0 0 0 0.633 0.333 0.392 0.478 0.227 0.294 0.212 0
0 0 0 0 0 0 0 0 0 0 1 0 0 0 0 0 0 0 0.641 0.353 0.294 0.294 0.353 0.392 0.275 0
1 0 1 0 0 0 0 0 0 0 0 0 0 0 0 0 0 0 0.567 0.255 0.353 0.255 0.239 0.239 0.392 0
0 0 0 0 0 0 0 0 0 1 0 0 0 0 0 0 1 0 0.769 0.294 0.353 0.353 0.549 0.353 0.451 1
0 0 0 0 0 0 0 0 0 0 0 0 0 1 0 0 0 0 0.622 0.294 0.294 0.294 0.490 0.373 0.157 0
0 0 0 0 0 0 0 0 0 0 0 0 1 0 0 0 0 0 0.654 0.353 0.294 0.333 0.451 0.353 0.216 0
0 0 0 0 0 1 0 0 0 0 1 0 0 0 0 0 0 0 0.635 0.275 0.235 0.490 0.451 0.275 0.216 0
0 0 0 0 0 0 0 1 0 0 0 0 0 0 0 0 0 0 0.673 0.176 0.392 0.529 0.255 0.529 0.176 0
0 0 0 0 0 0 0 0 0 0 1 0 0 0 0 0 1 0 0.718 0.275 0.549 0.275 0.431 0.255 0.412 1
0 0 0 0 1 0 0 0 0 1 0 0 0 0 0 0 0 0 0.590 0.275 0.392 0.275 0.412 0.294 0.157 0
0 0 0 1 0 0 0 0 0 0 0 0 0 0 0 0 0 0 0.628 0.255 0.353 0.471 0.333 0.275 0.235 0
0 0 0 0 0 0 0 0 0 0 0 0 0 0 0 0 0 1 0.615 0.322 0.314 0.337 0.333 0.294 0.282 1
0 0 0 0 0 0 0 1 0 0 0 0 0 0 0 1 0 0 0.872 0.588 0.392 0.471 0.392 0.471 0.353 1
0 0 1 0 0 0 1 0 0 0 0 0 0 0 0 0 0 0 0.544 0.275 0.369 0.196 0.369 0.196 0.259 0
0 0 0 0 0 1 0 0 0 0 0 0 0 0 0 0 0 0 0.660 0.333 0.529 0.510 0.235 0.314 0.098 0
0 1 0 0 0 0 0 0 0 0 0 0 0 0 0 0 0 0 0.519 0.333 0.412 0.333 0.157 0.196 0.157 0
0 0 1 0 0 0 0 0 0 0 0 1 0 0 0 0 0 0 0.769 0.392 0.404 0.294 0.471 0.294 0.498 1
0 0 0 0 0 0 0 0 1 0 0 0 0 0 0 0 0 1 0.603 0.224 0.314 0.357 0.314 0.341 0.294 1
0 0 1 0 0 0 0 0 0 1 0 0 0 0 0 0 0 0 0.685 0.306 0.329 0.306 0.427 0.333 0.392 0
0 0 0 0 0 0 0 0 0 0 0 0 0 1 0 1 0 0 0.897 0.314 0.392 0.471 0.549 0.588 0.431 1
0 0 0 0 0 0 0 0 0 0 1 0 0 0 0 0 0 0 0.590 0.271 0.271 0.298 0.271 0.337 0.357 0
0 0 0 0 0 0 0 0 0 0 1 0 0 0 0 0 0 0 0.677 0.373 0.392 0.333 0.424 0.275 0.275 0
0 0 0 0 0 0 0 1 0 0 0 0 0 0 0 0 0 0 0.635 0.235 0.235 0.235 0.412 0.412 0.412 0
0 0 0 0 1 0 0 0 0 0 0 0 0 0 1 0 0 0 0.679 0.431 0.510 0.314 0.275 0.235 0.314 1
0 0 0 0 0 0 0 1 0 0 0 0 0 0 0 0 0 0 0.583 0.251 0.451 0.255 0.325 0.247 0.255 0
0 0 0 1 0 0 1 0 0 0 0 0 0 0 0 0 0 0 0.577 0.275 0.255 0.235 0.353 0.294 0.353 1
0 1 0 1 0 0 0 0 0 0 0 0 0 0 0 0 0 0 0.628 0.325 0.416 0.255 0.337 0.255 0.333 1
0 0 0 0 0 0 0 0 1 0 0 0 0 1 0 0 0 0 0.769 0.392 0.392 0.392 0.392 0.392 0.392 1
0 0 0 1 0 0 0 0 0 0 0 1 0 0 0 0 0 0 0.513 0.196 0.235 0.176 0.392 0.314 0.255 0
0 0 1 0 0 0 0 0 0 0 0 0 0 1 0 0 0 0 0.603 0.255 0.294 0.275 0.373 0.275 0.373 0
1 0 0 0 0 0 0 0 0 0 0 0 0 0 0 0 0 0 0.369 0.188 0.188 0.188 0.188 0.188 0.188 0
0 0 0 0 0 0 0 0 0 1 0 0 0 0 0 1 0 0 0.872 0.392 0.471 0.392 0.588 0.471 0.353 1
0 0 0 0 0 0 1 0 0 0 0 0 0 0 0 0 0 0 0.513 0.255 0.184 0.216 0.286 0.294 0.333 0
0 0 0 1 0 0 0 0 0 0 0 0 0 0 0 0 0 0 0.608 0.314 0.373 0.322 0.235 0.322 0.294 0
0 0 0 0 0 0 0 1 0 0 0 1 0 0 0 0 0 0 0.608 0.333 0.431 0.298 0.255 0.322 0.220 0
0 0 1 0 0 0 0 0 0 1 0 0 0 0 0 0 0 0 0.640 0.306 0.318 0.278 0.290 0.271 0.494 1
0 0 0 1 0 0 1 0 0 0 0 0 0 0 0 0 0 0 0.494 0.235 0.196 0.275 0.196 0.353 0.255 0
1 0 0 0 0 0 0 0 0 0 0 0 0 0 0 0 0 0 0.605 0.294 0.314 0.235 0.255 0.353 0.400 0
0 0 0 0 0 0 0 0 0 0 1 0 0 0 0 0 0 0 0.679 0.310 0.325 0.392 0.333 0.412 0.306 1
0 0 0 0 0 0 0 0 0 0 1 0 0 1 0 0 0 0 0.756 0.373 0.294 0.706 0.510 0.314 0.118 1
0 0 0 0 0 0 0 0 0 1 0 0 0 0 0 1 0 0 0.813 0.306 0.510 0.435 0.510 0.333 0.392 1
0 0 1 0 0 0 0 0 0 0 0 0 1 0 0 0 0 0 0.744 0.353 0.353 0.333 0.490 0.353 0.392 1
0 0 1 0 0 0 1 0 0 0 0 0 0 0 0 0 0 0 0.506 0.235 0.176 0.196 0.353 0.314 0.275 0
0 0 1 0 0 0 0 1 0 0 0 0 0 0 0 0 0 0 0.638 0.588 0.314 0.173 0.353 0.212 0.314 0
0 0 1 0 0 0 0 0 0 1 0 0 0 0 0 0 0 0 0.744 0.353 0.392 0.353 0.490 0.333 0.353 1
0 0 1 1 0 0 0 0 0 0 0 0 0 0 0 0 0 0 0.583 0.294 0.314 0.275 0.255 0.294 0.353 1
0 0 0 0 0 0 0 0 0 0 0 0 1 0 0 0 0 0 0.660 0.333 0.451 0.314 0.412 0.314 0.196 1
0 0 1 0 0 0 0 0 0 0 0 0 1 0 0 0 0 0 0.744 0.310 0.451 0.275 0.490 0.314 0.435 1
0 0 0 0 0 0 0 0 0 0 0 0 0 0 1 0 1 0 0.551 0.216 0.373 0.216 0.137 0.294 0.451 1
0 1 0 0 0 0 0 0 0 0 0 0 0 0 0 0 0 0 0.596 0.471 0.392 0.333 0.118 0.333 0.176 0
0 0 0 0 0 0 0 0 0 0 0 1 0 0 0 0 0 0 0.628 0.294 0.314 0.373 0.353 0.392 0.196 0
1 0 1 0 0 0 0 0 0 0 0 0 0 0 0 0 0 0 0.551 0.235 0.333 0.235 0.196 0.196 0.490 0
0 1 0 0 0 0 0 0 0 0 0 0 0 0 0 0 0 0 0.596 0.294 0.490 0.294 0.118 0.294 0.333 1
0 0 0 0 0 0 0 0 0 0 0 0 0 1 0 1 0 0 0.897 0.314 0.510 0.392 0.627 0.471 0.431 1
0 0 0 0 1 0 0 0 0 0 0 0 0 0 0 1 0 0 0.897 0.424 0.667 0.451 0.471 0.373 0.361 1
0 0 0 0 0 0 1 0 1 0 0 0 0 0 0 0 0 0 0.769 0.278 0.471 0.373 0.471 0.373 0.388 1
0 0 0 0 0 0 0 0 0 0 1 0 0 0 0 0 0 0 0.603 0.647 0.294 0.314 0.157 0.176 0.255 1
0 0 0 0 0 0 0 0 1 0 0 0 0 0 0 0 1 0 0.436 0.176 0.333 0.275 0.157 0.157 0.235 0
0 0 0 0 0 0 0 0 0 0 0 0 0 0 1 0 0 0 0.744 0.314 0.196 0.392 0.392 0.784 0.196 0
0 1 0 0 0 0 1 0 0 0 0 0 0 0 0 0 0 0 0.769 0.314 0.725 0.451 0.157 0.412 0.294 1
0 0 0 0 0 1 0 0 0 0 0 0 0 1 0 0 0 0 0.564 0.275 0.216 0.255 0.373 0.333 0.275 0
0 0 0 0 0 1 0 0 0 0 0 0 0 0 0 0 0 1 0.641 0.196 0.196 0.588 0.196 0.588 0.196 0
0 1 0 0 0 0 0 0 0 0 0 0 0 0 0 0 1 0 0.635 0.373 0.486 0.306 0.271 0.278 0.227 1
0 0 0 0 0 0 0 0 0 1 0 0 0 0 0 0 0 0 0.744 0.451 0.451 0.333 0.353 0.294 0.392 1
1 0 1 0 0 0 0 0 0 0 0 0 0 0 0 0 0 0 0.590 0.235 0.431 0.275 0.235 0.235 0.392 0
0 0 0 0 0 0 0 0 0 0 0 0 0 1 0 0 0 0 0.519 0.745 0.129 0.227 0.129 0.227 0.129 0
0 0 0 0 0 0 0 0 0 0 0 0 0 0 0 0 1 0 0.654 0.235 0.412 0.235 0.471 0.235 0.412 1
0 0 0 0 0 0 0 1 0 0 0 1 0 0 0 0 0 0 0.633 0.294 0.373 0.478 0.227 0.294 0.271 0
0 0 0 0 0 0 0 0 0 0 0 1 0 0 0 0 0 0 0.638 0.294 0.384 0.247 0.384 0.247 0.396 0
0 0 1 0 0 0 0 0 0 0 0 0 0 0 0 1 0 0 0.872 0.412 0.588 0.353 0.588 0.353 0.373 1
0 1 0 0 0 0 0 0 0 0 0 0 0 1 0 0 0 0 0.526 0.235 0.235 0.294 0.235 0.294 0.314 1
0 0 0 1 0 0 1 0 0 0 0 0 0 0 0 0 0 0 0.500 0.275 0.353 0.275 0.235 0.235 0.157 0
0 0 0 0 0 0 0 0 1 0 0 0 0 0 0 0 0 0 0.744 0.314 0.294 0.588 0.294 0.588 0.196 1
0 0 0 0 0 0 0 0 0 0 1 0 0 0 0 0 0 0 0.622 0.216 0.408 0.412 0.369 0.294 0.204 0
0 0 0 0 0 0 0 0 0 0 0 0 1 0 0 1 0 0 0.782 0.353 0.373 0.412 0.647 0.431 0.176 1
0 0 1 0 0 0 1 0 0 0 0 0 0 0 0 0 0 0 0.506 0.235 0.275 0.196 0.392 0.196 0.255 0
0 0 0 0 1 0 0 0 0 0 0 0 0 1 0 0 0 0 0.641 0.235 0.275 0.412 0.275 0.471 0.294 0
0 0 0 0 0 0 0 0 0 0 0 0 1 0 0 0 0 0 0.637 0.294 0.392 0.247 0.314 0.247 0.455 0
0 0 0 0 0 0 0 1 0 0 0 0 0 0 0 0 0 0 0.619 0.227 0.196 0.569 0.373 0.412 0.118 1
0 0 0 0 0 0 0 0 1 0 0 0 0 0 0 0 1 0 0.628 0.255 0.490 0.392 0.235 0.275 0.275 1
0 0 0 0 0 0 0 1 1 0 0 0 0 0 0 0 0 0 0.574 0.231 0.431 0.588 0.176 0.192 0.137 1
0 0 0 0 0 0 0 0 0 1 0 0 0 0 0 0 0 0 0.685 0.306 0.329 0.306 0.427 0.333 0.392 1
0 0 0 0 0 0 0 0 0 1 1 0 0 0 0 0 0 0 0.769 0.314 0.431 0.471 0.510 0.353 0.275 1
0 1 0 0 0 0 0 0 0 1 0 0 0 0 0 0 0 0 0.808 0.314 0.627 0.314 0.510 0.314 0.392 1
0 0 0 0 0 0 0 0 0 0 0 0 0 0 0 0 0 1 0.872 0.494 0.514 0.373 0.514 0.384 0.388 1
0 0 0 0 0 0 0 0 1 0 0 0 1 0 0 0 0 0 0.596 0.196 0.235 0.373 0.471 0.275 0.275 1
0 0 0 0 0 0 0 0 0 1 0 0 0 0 0 0 0 0 0.641 0.255 0.392 0.275 0.314 0.314 0.412 0
0 0 0 0 0 0 0 1 0 0 0 0 0 0 0 0 1 0 0.622 0.196 0.361 0.424 0.361 0.424 0.137 1
0 0 0 1 0 0 0 1 0 0 0 0 0 0 0 0 0 0 0.769 0.235 0.255 0.314 0.667 0.373 0.510 1
0 0 0 0 0 0 1 0 1 0 0 0 0 0 0 0 0 0 0.544 0.235 0.271 0.373 0.271 0.373 0.141 0
0 0 0 0 0 0 0 1 0 0 0 0 0 0 0 0 0 0 0.712 0.251 0.647 0.294 0.365 0.325 0.294 1
0 0 0 0 0 0 0 0 0 0 0 1 0 0 0 0 0 0 0.679 0.275 0.333 0.255 0.412 0.333 0.471 1
0 0 0 0 0 0 0 0 0 0 1 0 0 0 0 0 0 0 0.692 0.373 0.235 0.310 0.392 0.490 0.318 1
0 0 0 0 0 1 1 0 0 0 0 0 0 0 0 0 0 0 0.635 0.294 0.490 0.392 0.275 0.314 0.176 0
0 0 0 0 0 0 0 0 0 0 0 0 1 0 0 0 0 0 0.519 0.235 0.196 0.157 0.333 0.294 0.373 0
0 0 0 0 0 0 0 0 0 0 1 0 0 0 0 0 0 0 0.615 0.314 0.314 0.314 0.314 0.314 0.314 0
1 0 1 0 0 0 0 0 0 0 0 0 0 0 0 0 0 0 0.626 0.314 0.451 0.314 0.255 0.216 0.365 0
0 0 0 0 0 0 0 0 1 0 0 1 0 0 0 0 0 0 0.391 0.173 0.196 0.357 0.094 0.337 0.039 0
0 0 0 0 0 0 0 0 0 1 0 0 0 0 0 0 0 0 0.621 0.333 0.380 0.259 0.412 0.259 0.255 0
0 0 0 0 0 0 0 0 1 0 0 0 0 0 0 0 0 0 0.667 0.235 0.392 0.451 0.275 0.333 0.353 0
0 0 0 0 0 1 1 0 0 0 0 0 0 0 0 0 0 0 0.647 0.078 0.039 0.902 0.039 0.902 0.020 1
0 0 0 0 0 0 0 0 0 0 0 0 0 1 0 1 0 0 0.769 0.314 0.353 0.314 0.510 0.431 0.431 1
0 0 0 0 0 0 0 0 0 0 1 0 0 0 0 0 0 0 0.615 0.294 0.412 0.294 0.412 0.294 0.176 0
0 0 1 0 0 0 0 0 0 0 0 0 0 0 0 0 1 0 0.872 0.494 0.514 0.373 0.514 0.384 0.388 1
0 0 0 0 0 0 0 0 0 0 0 0 0 0 0 1 0 0 0.769 0.353 0.392 0.275 0.431 0.588 0.314 1
0 0 0 0 0 0 0 0 0 0 0 0 0 1 0 0 0 0 0.597 0.290 0.188 0.298 0.325 0.318 0.408 0
0 0 0 0 0 0 0 0 0 0 0 0 0 0 0 0 1 0 0.769 0.275 0.353 0.353 0.529 0.353 0.490 1
0 0 0 0 0 1 0 0 0 0 0 1 0 0 0 0 0 0 0.635 0.337 0.318 0.380 0.318 0.420 0.169 0
0 0 0 0 0 0 0 0 0 1 0 0 0 1 0 0 0 0 0.685 0.294 0.271 0.282 0.447 0.392 0.408 1
0 0 0 1 0 0 0 0 0 0 0 0 0 0 0 0 0 0 0.599 0.392 0.286 0.325 0.286 0.325 0.216 0
1 0 1 0 0 0 0 0 0 0 0 0 0 0 0 0 0 0 0.654 0.392 0.482 0.294 0.224 0.294 0.314 1
0 0 1 0 0 0 0 0 0 0 0 0 0 0 0 1 0 0 0.686 0.333 0.275 0.314 0.380 0.314 0.482 1
0 0 1 0 0 0 0 0 0 1 0 0 0 0 0 0 0 0 0.872 0.416 0.510 0.353 0.431 0.604 0.353 1
0 0 0 0 0 0 0 0 0 0 0 0 0 1 0 0 0 1 0.792 0.267 0.333 0.255 0.647 0.529 0.392 1
1 0 0 0 0 0 0 0 0 0 0 0 0 0 0 0 0 0 0.564 0.314 0.314 0.314 0.216 0.216 0.353 0
0 0 1 0 0 0 1 0 0 0 0 0 0 0 0 0 0 0 0.585 0.239 0.353 0.176 0.196 0.196 0.627 0
1 1 0 0 0 0 0 0 0 0 0 0 0 0 0 0 0 0 0.769 0.392 0.502 0.353 0.302 0.302 0.502 1
0 0 0 0 0 0 0 0 0 0 0 0 1 0 0 0 0 0 0.519 0.235 0.176 0.275 0.176 0.353 0.373 0
0 0 0 1 0 0 1 0 0 0 0 0 0 0 0 0 0 0 0.635 0.255 0.588 0.157 0.059 0.314 0.569 1
0 0 0 0 0 0 0 1 0 0 0 1 0 0 0 0 0 0 0.633 0.255 0.353 0.478 0.227 0.294 0.329 0
0 0 0 0 0 0 0 0 0 0 0 0 0 0 0 0 1 0 0.596 0.255 0.510 0.235 0.294 0.235 0.294 1
1 0 0 0 0 0 0 0 0 0 0 0 0 1 0 0 0 0 0.769 0.392 0.302 0.302 0.502 0.502 0.353 1
0 0 0 1 1 0 0 0 0 0 0 0 0 0 0 0 0 0 0.647 0.353 0.361 0.341 0.294 0.333 0.298 1
0 0 0 0 0 0 0 0 0 0 0 0 0 1 0 0 0 0 0.769 0.196 0.275 0.627 0.275 0.627 0.353 1
0 0 0 0 0 0 0 1 0 0 0 0 0 0 0 0 1 0 0.615 0.196 0.333 0.490 0.333 0.451 0.078 1
0 0 0 0 0 0 0 0 0 0 0 0 1 0 1 0 0 0 0.667 0.196 0.255 0.420 0.412 0.420 0.337 0
0 0 0 0 1 1 0 0 0 0 0 0 0 0 0 0 0 0 0.622 0.412 0.510 0.471 0.176 0.176 0.157 0
0 0 0 0 0 0 0 0 0 0 0 1 0 0 0 0 0 0 0.673 0.255 0.431 0.510 0.235 0.255 0.373 0
0 1 0 0 0 0 0 0 0 0 0 0 0 1 0 0 0 0 1.000 0.416 0.745 0.392 0.604 0.392 0.510 1
0 0 0 0 0 0 0 0 0 0 0 1 0 0 0 0 0 0 0.591 0.294 0.337 0.263 0.416 0.263 0.235 0
1 0 0 0 0 0 0 0 0 0 0 0 0 0 0 0 0 0 0.487 0.275 0.255 0.255 0.216 0.216 0.275 0
0 0 1 0 0 0 0 0 0 0 1 0 0 0 0 0 0 0 0.606 0.294 0.341 0.247 0.341 0.247 0.384 0
0 0 0 0 0 0 0 0 0 0 1 0 0 0 0 0 0 0 0.622 0.216 0.329 0.412 0.447 0.294 0.204 0
0 0 1 0 0 0 1 0 0 0 0 0 0 0 0 0 0 0 0.641 0.275 0.431 0.314 0.216 0.314 0.412 0
0 0 0 0 0 0 0 0 0 0 0 0 0 0 1 0 1 0 0.654 0.275 0.471 0.255 0.176 0.333 0.490 1
0 0 1 0 0 0 0 0 0 0 0 0 0 1 0 0 0 0 0.628 0.282 0.227 0.314 0.404 0.314 0.380 1
0 0 0 0 0 0 0 0 0 0 0 0 0 0 1 1 0 0 0.897 0.490 0.471 0.353 0.667 0.392 0.373 1
0 1 0 0 0 0 0 0 0 1 0 0 0 0 0 0 0 0 0.519 0.235 0.333 0.235 0.333 0.235 0.216 0
0 0 0 0 0 0 0 0 0 1 0 0 0 1 0 0 0 0 0.769 0.392 0.392 0.392 0.392 0.392 0.392 1
0 1 0 0 0 0 0 0 0 1 0 0 0 0 0 0 0 0 0.519 0.251 0.306 0.204 0.306 0.204 0.318 0
0 0 0 0 0 0 0 0 0 0 0 0 0 0 1 0 0 0 0.622 0.275 0.196 0.118 0.373 0.529 0.412 0
1 0 0 0 0 0 0 0 0 0 0 0 0 0 0 0 0 0 0.628 0.373 0.314 0.412 0.157 0.275 0.392 0
0 0 0 0 0 0 0 0 0 0 0 1 0 0 0 0 0 0 0.545 0.294 0.294 0.216 0.412 0.333 0.118 0
0 0 0 0 1 0 0 0 0 0 0 0 0 0 0 0 0 0 0.545 0.235 0.314 0.431 0.196 0.314 0.176 0
0 0 0 0 0 0 0 0 0 0 1 1 0 0 0 0 0 0 0.615 0.314 0.275 0.275 0.353 0.392 0.275 0
1 0 0 0 0 0 0 0 0 0 0 0 0 0 0 0 0 0 0.660 0.431 0.333 0.373 0.314 0.373 0.196 0
0 0 0 0 0 0 0 0 0 0 1 0 0 0 0 0 0 0 0.635 0.333 0.412 0.216 0.333 0.196 0.451 0
1 0 0 0 0 0 0 0 0 0 0 0 0 0 0 0 0 0 0.603 0.294 0.373 0.235 0.255 0.235 0.451 1
1 0 0 0 0 0 0 0 0 0 0 0 0 0 0 0 0 0 0.596 0.286 0.373 0.243 0.333 0.255 0.333 0
0 0 0 0 0 0 0 0 0 1 0 0 0 0 0 0 0 0 0.673 0.255 0.510 0.235 0.373 0.431 0.255 0
0 1 0 0 0 0 0 0 0 1 0 0 0 0 0 0 0 0 0.679 0.314 0.471 0.275 0.431 0.275 0.314 1
0 0 0 0 1 1 0 0 0 0 0 0 0 0 0 0 0 0 0.686 0.451 0.549 0.510 0.216 0.216 0.157 1
0 0 0 0 1 0 0 0 0 0 1 0 0 0 0 0 0 0 0.686 0.392 0.431 0.353 0.333 0.353 0.235 1
0 0 0 0 0 1 0 0 0 0 0 0 0 0 1 0 0 0 0.668 0.482 0.302 0.282 0.388 0.361 0.227 0
0 0 0 0 0 1 0 0 0 0 1 0 0 0 0 0 0 0 0.487 0.216 0.216 0.333 0.255 0.333 0.137 0
0 0 1 0 0 0 0 0 0 1 0 0 0 0 0 0 0 0 0.490 0.243 0.286 0.216 0.220 0.204 0.329 1
0 0 1 0 0 0 0 0 0 0 0 0 0 1 0 0 0 0 0.545 0.263 0.224 0.216 0.302 0.216 0.447 0
1 0 0 0 0 0 0 0 0 0 0 0 0 0 0 0 0 0 0.618 0.294 0.392 0.259 0.235 0.259 0.451 1
0 0 0 0 0 0 0 0 0 0 0 1 0 0 1 0 0 0 0.762 0.353 0.518 0.412 0.518 0.412 0.118 1
1 0 1 0 0 0 0 0 0 0 0 0 0 0 0 0 0 0 0.622 0.333 0.471 0.275 0.196 0.235 0.392 1
0 0 0 0 0 0 0 0 0 0 0 0 0 0 0 0 0 1 0.414 0.275 0.176 0.188 0.235 0.255 0.137 0
1 0 0 0 0 0 0 0 0 0 0 0 0 0 0 0 0 0 0.756 0.412 0.490 0.392 0.235 0.392 0.392 1
0 0 0 0 0 0 0 0 0 0 1 0 0 0 1 0 0 0 0.686 0.510 0.333 0.314 0.333 0.373 0.235 0
0 1 0 0 0 1 0 0 0 0 0 0 0 0 0 0 0 0 0.744 0.357 0.506 0.353 0.282 0.353 0.424 1
1 0 0 0 0 0 0 0 0 0 0 0 0 0 0 0 0 0 0.628 0.412 0.373 0.314 0.157 0.314 0.353 0
0 0 0 1 0 0 0 0 0 0 0 1 0 0 0 0 0 0 0.628 0.314 0.412 0.255 0.392 0.275 0.275 0
0 0 0 0 1 0 1 0 0 0 0 0 0 0 0 0 0 0 0.544 0.235 0.310 0.412 0.231 0.333 0.141 0
0 0 0 0 0 0 0 0 0 0 1 0 1 0 0 0 0 0 0.590 0.490 0.227 0.227 0.298 0.298 0.263 0
0 0 0 0 1 0 0 0 1 0 0 0 0 0 0 0 0 0 0.782 0.294 0.490 0.902 0.216 0.373 0.118 1
0 0 1 0 0 0 0 0 1 0 0 0 0 0 0 0 0 0 0.596 0.255 0.314 0.549 0.157 0.275 0.275 1
0 0 0 0 0 0 0 0 1 0 0 0 0 1 0 0 0 0 0.769 0.314 0.529 0.510 0.373 0.353 0.275 1
0 0 1 0 0 0 0 0 0 0 0 1 0 0 0 0 0 0 0.590 0.388 0.267 0.325 0.282 0.341 0.200 0
0 0 0 0 1 0 0 0 0 0 0 0 0 0 0 0 1 0 0.665 0.373 0.459 0.314 0.255 0.275 0.361 1
0 0 0 0 0 0 1 0 0 0 0 0 0 0 0 0 0 0 0.635 0.314 0.275 0.157 0.392 0.235 0.569 1
0 0 1 0 0 0 0 0 0 0 0 0 0 0 1 0 0 0 0.423 0.176 0.216 0.176 0.255 0.176 0.294 0
0 0 0 0 1 0 0 0 1 0 0 0 0 0 0 0 0 0 0.654 0.294 0.333 0.784 0.216 0.255 0.118 0
0 0 0 0 0 0 0 0 0 0 0 1 0 0 0 1 0 0 0.808 0.275 0.431 0.294 0.569 0.333 0.569 1
0 0 0 0 0 1 0 0 0 0 0 0 0 0 0 0 1 0 0.769 0.392 0.525 0.431 0.373 0.392 0.239 1
0 1 0 0 0 0 0 0 0 0 0 0 0 0 0 0 0 0 0.647 0.412 0.549 0.373 0.216 0.255 0.176 1
1 0 0 0 0 0 0 0 0 0 0 0 0 0 0 0 0 0 0.462 0.235 0.235 0.235 0.235 0.235 0.235 0
0 0 0 0 0 0 0 0 0 0 0 1 0 1 0 0 0 0 0.667 0.373 0.373 0.333 0.490 0.255 0.216 0
0 0 0 0 1 0 0 0 0 0 0 0 0 0 0 1 0 0 0.526 0.267 0.353 0.255 0.196 0.216 0.322 0
0 0 0 0 0 0 0 0 0 0 1 0 0 0 0 0 0 0 0.519 0.251 0.259 0.267 0.318 0.298 0.196 0
0 0 0 0 0 0 0 0 0 0 1 0 1 0 0 0 0 0 0.667 0.196 0.255 0.420 0.412 0.420 0.337 1
0 1 0 0 0 0 0 0 0 0 0 0 0 0 0 0 0 0 0.583 0.196 0.471 0.208 0.137 0.431 0.341 1
0 0 0 0 0 1 0 0 0 0 0 0 0 0 0 0 0 0 0.635 0.380 0.647 0.235 0.255 0.196 0.227 0
0 0 0 0 0 0 0 0 0 0 0 0 1 0 0 0 0 0 0.609 0.275 0.294 0.235 0.412 0.235 0.412 0
0 0 1 0 0 0 0 0 0 0 0 0 0 0 1 0 0 0 0.744 0.353 0.333 0.392 0.373 0.490 0.333 0
0 0 0 0 0 1 0 0 0 0 1 0 0 0 0 0 0 0 0.641 0.282 0.412 0.451 0.212 0.337 0.267 0
0 0 0 0 0 0 0 0 0 0 0 0 0 0 0 1 0 0 0.692 0.298 0.576 0.353 0.235 0.275 0.380 1
0 0 0 0 1 0 0 0 0 0 0 0 0 0 0 1 0 0 0.769 0.424 0.510 0.373 0.314 0.333 0.400 1
0 0 0 0 1 0 0 0 0 0 0 0 0 0 0 1 0 0 0.769 0.424 0.392 0.475 0.318 0.373 0.373 1
1 0 0 0 0 0 0 0 0 0 0 0 1 0 0 0 0 0 0.617 0.243 0.216 0.204 0.427 0.369 0.427 1
0 0 0 0 0 1 0 0 1 0 0 0 0 0 0 0 0 0 0.679 0.275 0.431 0.706 0.235 0.235 0.196 0
0 0 0 0 1 0 0 0 0 1 0 0 0 0 0 0 0 0 0.718 0.275 0.471 0.392 0.569 0.412 0.078 1
0 0 0 0 0 0 0 0 0 0 0 1 0 0 0 0 0 0 0.615 0.275 0.235 0.294 0.431 0.294 0.353 0
0 0 0 0 0 0 0 0 0 0 1 0 0 0 0 0 0 0 0.641 0.314 0.322 0.306 0.373 0.314 0.333 0
0 1 0 0 0 0 1 0 0 0 0 0 0 0 0 0 0 0 0.641 0.314 0.490 0.294 0.157 0.373 0.333 1
0 0 0 0 0 1 1 0 0 0 0 0 0 0 0 0 0 0 0.609 0.275 0.373 0.490 0.255 0.294 0.176 0
0 0 0 0 0 0 0 0 0 1 0 0 0 0 0 0 0 0 0.638 0.294 0.384 0.247 0.384 0.247 0.396 0
0 0 0 0 0 0 0 0 0 0 1 0 0 0 1 0 0 0 0.679 0.431 0.314 0.353 0.373 0.353 0.255 0
0 0 0 0 1 0 0 0 0 0 0 0 0 0 0 1 0 0 0.667 0.314 0.392 0.314 0.314 0.314 0.392 1
0 0 0 0 0 0 0 0 0 0 1 0 0 0 0 0 0 0 0.987 0.392 0.588 0.353 0.706 0.627 0.353 1
0 0 0 0 0 0 0 0 0 0 0 1 0 0 0 0 0 0 0.686 0.392 0.392 0.490 0.431 0.196 0.196 1
1 0 0 0 0 0 0 0 0 0 0 0 0 0 0 0 0 0 0.321 0.216 0.078 0.137 0.078 0.176 0.294 0
0 0 0 0 0 0 0 0 0 0 0 0 0 0 0 1 0 1 0.756 0.294 0.431 0.431 0.431 0.412 0.314 1
0 0 0 0 0 0 1 0 0 0 0 1 0 0 0 0 0 0 0.641 0.294 0.404 0.314 0.275 0.314 0.361 0
0 1 0 0 0 0 0 0 0 1 0 0 0 0 0 0 0 0 0.677 0.431 0.482 0.255 0.392 0.255 0.255 1
0 0 0 1 0 0 0 0 0 0 0 0 0 0 0 0 0 0 0.562 0.235 0.333 0.271 0.255 0.310 0.314 0
0 0 0 0 0 0 0 0 0 0 0 0 0 1 0 0 0 0 0.744 0.314 0.412 0.412 0.412 0.412 0.314 0
0 0 0 0 0 1 0 0 0 0 0 0 0 0 0 0 0 0 0.526 0.275 0.392 0.451 0.118 0.255 0.118 0
0 0 0 0 1 0 0 0 0 1 0 0 0 0 0 0 0 0 0.987 0.392 0.706 0.627 0.588 0.353 0.353 1
0 0 0 0 0 0 0 0 0 0 1 0 0 0 0 0 0 0 0.673 0.510 0.255 0.235 0.431 0.373 0.255 1
0 1 0 0 0 0 0 0 0 0 0 0 0 0 0 0 0 0 0.583 0.255 0.412 0.235 0.235 0.275 0.373 0
